     0             0
     1             0
     2             1
     3            17
     4            51
     5           132
     6           112
     7           119
     8           124
     9           109
    10           104
    11            93
    12            95
    13            79
    14            70
    15            69
    16            68
    17            58
    18            43
    19            69
    20           103
    21           290
    22           337
    23           299
    24           259
    25           236
    26           245
    27           221
    28           192
    29           165
    30           139
    31           135
    32           104
    33           107
    34            93
    35            80
    36            74
    37            79
    38            63
    39            86
    40            60
    41            61
    42            59
    43            44
    44            42
    45            45
    46            45
    47            25
    48            32
    49            43
    50            46
    51            37
    52            46
    53            29
    54            46
    55            53
    56            65
    57            48
    58            64
    59            39
    60            57
    61            57
    62            43
    63            52
    64            59
    65            66
    66            47
    67            64
    68            51
    69            71
    70           103
    71           107
    72           107
    73           106
    74           129
    75           129
    76           132
    77           109
    78           122
    79           137
    80           122
    81           131
    82           110
    83           145
    84           121
    85           105
    86           136
    87           137
    88           168
    89           131
    90           163
    91           147
    92           166
    93           149
    94           168
    95           151
    96           184
    97           165
    98           187
    99           181
   100           191
   101           143
   102           199
   103           179
   104           187
   105           200
   106           200
   107           191
   108           211
   109           191
   110           231
   111           191
   112           210
   113           228
   114           230
   115           201
   116           247
   117           268
   118           209
   119           224
   120           221
   121           251
   122           249
   123           253
   124           250
   125           239
   126           238
   127           245
   128           232
   129           229
   130           243
   131           276
   132           256
   133           238
   134           237
   135           227
   136           224
   137           256
   138           206
   139           221
   140           174
   141           162
   142           181
   143           174
   144           160
   145           148
   146           122
   147           120
   148            85
   149            89
   150            73
   151            77
   152            62
   153            62
   154            43
   155            49
   156            49
   157            33
   158            35
   159            24
   160            28
   161            20
   162            31
   163            33
   164            18
   165            27
   166            29
   167            30
   168            28
   169            28
   170            28
   171            25
   172            37
   173            34
   174            22
   175            22
   176            41
   177            33
   178            24
   179            32
   180            36
   181            39
   182            47
   183            30
   184            46
   185            42
   186            48
   187            46
   188            38
   189            57
   190            54
   191            54
   192            51
   193            55
   194            63
   195            66
   196            58
   197            67
   198            65
   199            84
   200            85
   201            74
   202            76
   203            70
   204            84
   205            83
   206            88
   207            77
   208            94
   209            94
   210            80
   211            96
   212           112
   213           100
   214           126
   215           108
   216           140
   217           124
   218           133
   219           118
   220           130
   221           166
   222           149
   223           164
   224           127
   225           137
   226           175
   227           166
   228           174
   229           191
   230           189
   231           184
   232           196
   233           210
   234           203
   235           194
   236           203
   237           249
   238           231
   239           227
   240           213
   241           223
   242           253
   243           255
   244           269
   245           263
   246           262
   247           271
   248           265
   249           293
   250           305
   251           278
   252           290
   253           306
   254           307
   255           314
   256           342
   257           316
   258           358
   259           355
   260           356
   261           388
   262           404
   263           375
   264           371
   265           371
   266           424
   267           427
   268           443
   269           423
   270           430
   271           436
   272           386
   273           441
   274           390
   275           420
   276           433
   277           382
   278           391
   279           358
   280           344
   281           352
   282           293
   283           326
   284           273
   285           229
   286           223
   287           189
   288           176
   289           125
   290           116
   291           117
   292           100
   293            94
   294            71
   295            86
   296            75
   297            67
   298            72
   299            81
   300            85
   301            81
   302            77
   303            76
   304            83
   305            77
   306            86
   307            89
   308            87
   309           104
   310           114
   311           120
   312            98
   313           118
   314           115
   315           120
   316           132
   317           126
   318           124
   319           133
   320           146
   321           153
   322           167
   323           178
   324           172
   325           151
   326           170
   327           199
   328           192
   329           228
   330           211
   331           237
   332           199
   333           219
   334           227
   335           256
   336           271
   337           258
   338           264
   339           316
   340           284
   341           315
   342           356
   343           325
   344           369
   345           349
   346           337
   347           353
   348           356
   349           402
   350           405
   351           408
   352           418
   353           424
   354           439
   355           475
   356           437
   357           433
   358           510
   359           485
   360           451
   361           476
   362           460
   363           480
   364           480
   365           490
   366           421
   367           404
   368           388
   369           347
   370           325
   371           285
   372           284
   373           241
   374           194
   375           168
   376           139
   377           121
   378            78
   379            50
   380            50
   381            43
   382            34
   383            14
   384            17
   385            23
   386             9
   387             9
   388            11
   389             7
   390             5
   391             3
   392             3
   393             3
   394             3
   395             3
   396             3
   397             7
   398             3
   399             2
   400             4
   401             1
   402             4
   403             1
   404             0
   405             6
   406             2
   407             3
   408             2
   409             2
   410             2
   411             5
   412             0
   413             2
   414             6
   415             2
   416             4
   417             2
   418             2
   419             2
   420             5
   421             1
   422             3
   423             3
   424             2
   425             3
   426             5
   427             7
   428             2
   429             5
   430             3
   431             4
   432             3
   433             2
   434             1
   435             3
   436             2
   437             4
   438             3
   439             5
   440             1
   441             2
   442             1
   443             4
   444             5
   445             1
   446             1
   447             3
   448             5
   449             0
   450             1
   451             2
   452             4
   453             5
   454             1
   455             0
   456             5
   457             4
   458             5
   459             2
   460             1
   461             2
   462             2
   463             3
   464             2
   465             2
   466             1
   467             4
   468             4
   469             4
   470             2
   471             3
   472             4
   473             0
   474             4
   475             3
   476             4
   477             2
   478             2
   479             3
   480             2
   481             5
   482             1
   483             4
   484             3
   485             1
   486             0
   487             4
   488             4
   489             3
   490             2
   491             5
   492             4
   493             4
   494             1
   495             3
   496             3
   497             1
   498             3
   499             2
   500             3
   501             2
   502             8
   503             2
   504             2
   505             2
   506             4
   507             3
   508             1
   509             4
   510             2
   511             6
   512             3
   513             7
   514             5
   515             6
   516             6
   517             4
   518             3
   519             3
   520             3
   521             6
   522             7
   523             0
   524             7
   525             5
   526             5
   527             5
   528             3
   529             7
   530             5
   531             6
   532             5
   533             7
   534             4
   535             3
   536             7
   537             7
   538             5
   539             8
   540            11
   541             9
   542             8
   543             8
   544            15
   545            16
   546            14
   547            20
   548            17
   549            15
   550            13
   551            16
   552            25
   553            21
   554            20
   555            21
   556            35
   557            34
   558            39
   559            36
   560            54
   561            42
   562            58
   563            45
   564            55
   565            64
   566            49
   567            63
   568            80
   569            81
   570            60
   571            80
   572            60
   573            89
   574           100
   575           115
   576           109
   577           119
   578           123
   579           131
   580           162
   581           147
   582           166
   583           175
   584           174
   585           216
   586           215
   587           215
   588           232
   589           222
   590           263
   591           263
   592           272
   593           323
   594           296
   595           295
   596           325
   597           353
   598           344
   599           388
   600           384
   601           397
   602           487
   603           483
   604           494
   605           492
   606           494
   607           564
   608           536
   609           585
   610           568
   611           606
   612           641
   613           642
   614           600
   615           599
   616           612
   617           623
   618           548
   619           541
   620           535
   621           500
   622           441
   623           386
   624           331
   625           244
   626           248
   627           198
   628           153
   629           108
   630           103
   631            60
   632            55
   633            32
   634            24
   635            14
   636             8
   637            10
   638            10
   639             3
   640             4
   641             3
   642             7
   643             6
   644             3
   645             1
   646             6
   647             1
   648             2
   649             0
   650             5
   651             4
   652             0
   653             2
   654             1
   655             0
   656             0
   657             2
   658             2
   659             1
   660             2
   661             4
   662             2
   663             1
   664             0
   665             2
   666             2
   667             1
   668             1
   669             0
   670             5
   671             1
   672             1
   673             2
   674             1
   675             0
   676             2
   677             2
   678             1
   679             1
   680             0
   681             2
   682             2
   683             0
   684             1
   685             2
   686             0
   687             0
   688             1
   689             2
   690             1
   691             0
   692             1
   693             2
   694             3
   695             2
   696             0
   697             2
   698             0
   699             2
   700             0
   701             2
   702             2
   703             0
   704             1
   705             1
   706             2
   707             0
   708             1
   709             0
   710             0
   711             0
   712             0
   713             1
   714             1
   715             0
   716             0
   717             2
   718             0
   719             1
   720             1
   721             1
   722             1
   723             1
   724             1
   725             2
   726             2
   727             1
   728             1
   729             0
   730             3
   731             2
   732             1
   733             1
   734             2
   735             0
   736             2
   737             2
   738             1
   739             1
   740             1
   741             0
   742             1
   743             0
   744             2
   745             0
   746             0
   747             2
   748             0
   749             0
   750             0
   751             1
   752             0
   753             0
   754             1
   755             1
   756             1
   757             0
   758             1
   759             0
   760             0
   761             0
   762             2
   763             0
   764             2
   765             1
   766             1
   767             1
   768             0
   769             2
   770             1
   771             0
   772             1
   773             1
   774             2
   775             0
   776             2
   777             2
   778             0
   779             1
   780             0
   781             0
   782             0
   783             1
   784             2
   785             1
   786             1
   787             0
   788             0
   789             0
   790             1
   791             0
   792             0
   793             1
   794             0
   795             0
   796             1
   797             1
   798             0
   799             0
   800             0
   801             0
   802             1
   803             1
   804             1
   805             1
   806             0
   807             0
   808             2
   809             0
   810             1
   811             0
   812             1
   813             0
   814             2
   815             1
   816             0
   817             3
   818             1
   819             0
   820             0
   821             1
   822             1
   823             2
   824             0
   825             0
   826             1
   827             0
   828             0
   829             1
   830             0
   831             0
   832             2
   833             1
   834             0
   835             0
   836             0
   837             0
   838             0
   839             1
   840             0
   841             1
   842             0
   843             2
   844             0
   845             0
   846             0
   847             2
   848             2
   849             2
   850             1
   851             1
   852             1
   853             0
   854             0
   855             0
   856             0
   857             3
   858             1
   859             1
   860             0
   861             1
   862             1
   863             0
   864             2
   865             0
   866             0
   867             1
   868             1
   869             1
   870             0
   871             2
   872             1
   873             1
   874             0
   875             1
   876             0
   877             0
   878             1
   879             1
   880             0
   881             0
   882             0
   883             0
   884             0
   885             0
   886             0
   887             0
   888             1
   889             2
   890             1
   891             0
   892             0
   893             0
   894             0
   895             0
   896             0
   897             0
   898             0
   899             1
   900             1
   901             1
   902             1
   903             1
   904             1
   905             0
   906             0
   907             0
   908             0
   909             0
   910             0
   911             0
   912             1
   913             0
   914             1
   915             1
   916             0
   917             0
   918             0
   919             1
   920             0
   921             0
   922             1
   923             1
   924             2
   925             0
   926             0
   927             1
   928             2
   929             1
   930             1
   931             0
   932             0
   933             0
   934             0
   935             1
   936             0
   937             0
   938             1
   939             2
   940             0
   941             1
   942             1
   943             0
   944             0
   945             0
   946             0
   947             1
   948             0
   949             1
   950             0
   951             1
   952             2
   953             1
   954             0
   955             1
   956             0
   957             2
   958             0
   959             0
   960             2
   961             1
   962             0
   963             0
   964             2
   965             0
   966             0
   967             2
   968             0
   969             1
   970             0
   971             0
   972             0
   973             0
   974             0
   975             1
   976             0
   977             1
   978             0
   979             1
   980             0
   981             0
   982             1
   983             0
   984             0
   985             1
   986             1
   987             1
   988             0
   989             0
   990             0
   991             0
   992             1
   993             0
   994             0
   995             0
   996             0
   997             0
   998             0
   999             1
  1000             0
  1001             0
  1002             0
  1003             0
  1004             0
  1005             0
  1006             0
  1007             0
  1008             0
  1009             0
  1010             0
  1011             0
  1012             0
  1013             1
  1014             0
  1015             0
  1016             0
  1017             1
  1018             0
  1019             0
  1020             0
  1021             0
  1022             0
  1023             0
  1024             0
  1025             0
  1026             0
  1027             1
  1028             1
  1029             0
  1030             0
  1031             1
  1032             0
  1033             0
  1034             0
  1035             0
  1036             0
  1037             0
  1038             0
  1039             0
  1040             0
  1041             0
  1042             0
  1043             0
  1044             0
  1045             0
  1046             0
  1047             0
  1048             0
  1049             0
  1050             0
  1051             0
  1052             0
  1053             0
  1054             0
  1055             0
  1056             0
  1057             0
  1058             0
  1059             0
  1060             0
  1061             0
  1062             0
  1063             0
  1064             0
  1065             0
  1066             0
  1067             0
  1068             0
  1069             0
  1070             0
  1071             0
  1072             0
  1073             0
  1074             0
  1075             0
  1076             0
  1077             0
  1078             0
  1079             0
  1080             0
  1081             1
  1082             0
  1083             0
  1084             0
  1085             0
  1086             0
  1087             0
  1088             0
  1089             0
  1090             0
  1091             0
  1092             0
  1093             0
  1094             0
  1095             0
  1096             0
  1097             0
  1098             0
  1099             0
  1100             0
  1101             0
  1102             0
  1103             0
  1104             0
  1105             0
  1106             0
  1107             0
  1108             0
  1109             0
  1110             0
  1111             0
  1112             0
  1113             0
  1114             0
  1115             0
  1116             0
  1117             1
  1118             0
  1119             0
  1120             0
  1121             0
  1122             0
  1123             0
  1124             0
  1125             0
  1126             0
  1127             0
  1128             0
  1129             0
  1130             0
  1131             2
  1132             0
  1133             0
  1134             0
  1135             0
  1136             0
  1137             0
  1138             0
  1139             0
  1140             0
  1141             0
  1142             0
  1143             0
  1144             0
  1145             0
  1146             0
  1147             1
  1148             0
  1149             0
  1150             0
  1151             0
  1152             0
  1153             0
  1154             0
  1155             0
  1156             0
  1157             0
  1158             0
  1159             0
  1160             0
  1161             0
  1162             0
  1163             0
  1164             0
  1165             0
  1166             1
  1167             0
  1168             1
  1169             0
  1170             0
  1171             0
  1172             0
  1173             0
  1174             0
  1175             0
  1176             1
  1177             0
  1178             0
  1179             1
  1180             0
  1181             0
  1182             0
  1183             0
  1184             0
  1185             0
  1186             0
  1187             0
  1188             1
  1189             0
  1190             0
  1191             0
  1192             0
  1193             1
  1194             0
  1195             0
  1196             1
  1197             0
  1198             0
  1199             0
  1200             0
  1201             1
  1202             0
  1203             0
  1204             0
  1205             0
  1206             1
  1207             0
  1208             0
  1209             0
  1210             0
  1211             0
  1212             0
  1213             0
  1214             0
  1215             0
  1216             0
  1217             0
  1218             0
  1219             0
  1220             0
  1221             0
  1222             0
  1223             0
  1224             0
  1225             0
  1226             0
  1227             0
  1228             0
  1229             0
  1230             0
  1231             1
  1232             0
  1233             1
  1234             0
  1235             0
  1236             0
  1237             0
  1238             0
  1239             0
  1240             0
  1241             0
  1242             0
  1243             0
  1244             0
  1245             0
  1246             0
  1247             0
  1248             0
  1249             0
  1250             0
  1251             0
  1252             0
  1253             0
  1254             0
  1255             0
  1256             0
  1257             0
  1258             0
  1259             0
  1260             0
  1261             0
  1262             0
  1263             0
  1264             0
  1265             0
  1266             0
  1267             0
  1268             0
  1269             0
  1270             0
  1271             0
  1272             0
  1273             0
  1274             0
  1275             0
  1276             0
  1277             0
  1278             0
  1279             0
  1280             0
  1281             0
  1282             0
  1283             0
  1284             0
  1285             0
  1286             0
  1287             0
  1288             0
  1289             0
  1290             0
  1291             0
  1292             0
  1293             0
  1294             0
  1295             0
  1296             0
  1297             0
  1298             0
  1299             0
  1300             0
  1301             0
  1302             0
  1303             0
  1304             0
  1305             0
  1306             0
  1307             0
  1308             0
  1309             0
  1310             0
  1311             0
  1312             0
  1313             0
  1314             0
  1315             0
  1316             0
  1317             0
  1318             0
  1319             0
  1320             0
  1321             0
  1322             0
  1323             0
  1324             0
  1325             0
  1326             0
  1327             0
  1328             0
  1329             0
  1330             0
  1331             0
  1332             0
  1333             0
  1334             0
  1335             0
  1336             0
  1337             0
  1338             0
  1339             0
  1340             0
  1341             0
  1342             0
  1343             0
  1344             0
  1345             0
  1346             0
  1347             0
  1348             0
  1349             0
  1350             0
  1351             0
  1352             0
  1353             0
  1354             0
  1355             0
  1356             0
  1357             0
  1358             0
  1359             0
  1360             0
  1361             0
  1362             0
  1363             0
  1364             0
  1365             0
  1366             0
  1367             0
  1368             0
  1369             0
  1370             0
  1371             0
  1372             0
  1373             0
  1374             0
  1375             0
  1376             0
  1377             0
  1378             0
  1379             0
  1380             0
  1381             0
  1382             0
  1383             0
  1384             0
  1385             0
  1386             0
  1387             0
  1388             0
  1389             0
  1390             0
  1391             0
  1392             0
  1393             0
  1394             0
  1395             0
  1396             0
  1397             0
  1398             0
  1399             0
  1400             0
  1401             0
  1402             0
  1403             0
  1404             0
  1405             0
  1406             0
  1407             0
  1408             0
  1409             0
  1410             0
  1411             0
  1412             0
  1413             0
  1414             0
  1415             0
  1416             0
  1417             0
  1418             0
  1419             0
  1420             0
  1421             0
  1422             0
  1423             0
  1424             0
  1425             0
  1426             0
  1427             0
  1428             0
  1429             0
  1430             0
  1431             0
  1432             0
  1433             0
  1434             0
  1435             0
  1436             0
  1437             0
  1438             0
  1439             0
  1440             0
  1441             0
  1442             0
  1443             0
  1444             0
  1445             0
  1446             0
  1447             0
  1448             0
  1449             0
  1450             0
  1451             0
  1452             0
  1453             0
  1454             0
  1455             0
  1456             0
  1457             0
  1458             0
  1459             0
  1460             0
  1461             0
  1462             0
  1463             0
  1464             0
  1465             0
  1466             0
  1467             0
  1468             0
  1469             0
  1470             0
  1471             0
  1472             0
  1473             0
  1474             0
  1475             0
  1476             0
  1477             0
  1478             0
  1479             0
  1480             0
  1481             0
  1482             0
  1483             0
  1484             0
  1485             0
  1486             0
  1487             0
  1488             0
  1489             0
  1490             0
  1491             0
  1492             0
  1493             0
  1494             0
  1495             0
  1496             0
  1497             0
  1498             0
  1499             0
  1500             0
  1501             0
  1502             0
  1503             0
  1504             0
  1505             0
  1506             0
  1507             0
  1508             0
  1509             0
  1510             0
  1511             0
  1512             0
  1513             0
  1514             0
  1515             0
  1516             0
  1517             0
  1518             0
  1519             0
  1520             0
  1521             0
  1522             0
  1523             0
  1524             0
  1525             0
  1526             0
  1527             0
  1528             0
  1529             0
  1530             0
  1531             0
  1532             0
  1533             0
  1534             0
  1535             0
  1536             0
  1537             0
  1538             0
  1539             0
  1540             0
  1541             0
  1542             0
  1543             0
  1544             0
  1545             0
  1546             0
  1547             0
  1548             0
  1549             0
  1550             0
  1551             0
  1552             0
  1553             0
  1554             0
  1555             0
  1556             0
  1557             0
  1558             0
  1559             0
  1560             0
  1561             0
  1562             0
  1563             0
  1564             0
  1565             0
  1566             0
  1567             0
  1568             0
  1569             0
  1570             0
  1571             0
  1572             0
  1573             0
  1574             0
  1575             0
  1576             0
  1577             0
  1578             0
  1579             0
  1580             0
  1581             0
  1582             0
  1583             0
  1584             0
  1585             0
  1586             0
  1587             0
  1588             0
  1589             0
  1590             0
  1591             0
  1592             0
  1593             0
  1594             0
  1595             0
  1596             0
  1597             0
  1598             0
  1599             0
  1600             0
  1601             0
  1602             0
  1603             0
  1604             0
  1605             0
  1606             0
  1607             0
  1608             0
  1609             0
  1610             0
  1611             0
  1612             0
  1613             0
  1614             0
  1615             0
  1616             0
  1617             0
  1618             0
  1619             0
  1620             0
  1621             0
  1622             0
  1623             0
  1624             0
  1625             0
  1626             0
  1627             0
  1628             0
  1629             0
  1630             0
  1631             0
  1632             0
  1633             0
  1634             0
  1635             0
  1636             0
  1637             0
  1638             0
  1639             0
  1640             0
  1641             0
  1642             0
  1643             0
  1644             0
  1645             0
  1646             0
  1647             0
  1648             0
  1649             0
  1650             0
  1651             0
  1652             0
  1653             0
  1654             0
  1655             0
  1656             0
  1657             0
  1658             0
  1659             0
  1660             0
  1661             0
  1662             0
  1663             0
  1664             0
  1665             0
  1666             0
  1667             0
  1668             0
  1669             0
  1670             0
  1671             0
  1672             0
  1673             0
  1674             0
  1675             0
  1676             0
  1677             0
  1678             0
  1679             0
  1680             0
  1681             0
  1682             0
  1683             0
  1684             0
  1685             0
  1686             0
  1687             0
  1688             0
  1689             0
  1690             0
  1691             0
  1692             0
  1693             0
  1694             0
  1695             0
  1696             0
  1697             0
  1698             0
  1699             0
  1700             0
  1701             0
  1702             0
  1703             0
  1704             0
  1705             0
  1706             0
  1707             0
  1708             0
  1709             0
  1710             0
  1711             0
  1712             0
  1713             0
  1714             0
  1715             0
  1716             0
  1717             0
  1718             0
  1719             0
  1720             0
  1721             0
  1722             0
  1723             0
  1724             0
  1725             0
  1726             0
  1727             0
  1728             0
  1729             0
  1730             0
  1731             0
  1732             0
  1733             0
  1734             0
  1735             0
  1736             0
  1737             0
  1738             0
  1739             0
  1740             0
  1741             0
  1742             0
  1743             0
  1744             0
  1745             0
  1746             0
  1747             0
  1748             0
  1749             0
  1750             0
  1751             0
  1752             0
  1753             0
  1754             0
  1755             0
  1756             0
  1757             0
  1758             0
  1759             0
  1760             0
  1761             0
  1762             0
  1763             0
  1764             0
  1765             0
  1766             0
  1767             0
  1768             0
  1769             0
  1770             0
  1771             0
  1772             0
  1773             0
  1774             0
  1775             0
  1776             0
  1777             0
  1778             0
  1779             0
  1780             0
  1781             0
  1782             0
  1783             0
  1784             0
  1785             0
  1786             0
  1787             0
  1788             0
  1789             0
  1790             0
  1791             0
  1792             0
  1793             0
  1794             0
  1795             0
  1796             0
  1797             0
  1798             0
  1799             0
  1800             0
  1801             0
  1802             0
  1803             0
  1804             0
  1805             0
  1806             0
  1807             0
  1808             0
  1809             0
  1810             0
  1811             0
  1812             0
  1813             0
  1814             0
  1815             0
  1816             0
  1817             0
  1818             0
  1819             0
  1820             0
  1821             0
  1822             0
  1823             0
  1824             0
  1825             0
  1826             0
  1827             0
  1828             0
  1829             0
  1830             0
  1831             0
  1832             0
  1833             0
  1834             0
  1835             0
  1836             0
  1837             0
  1838             0
  1839             0
  1840             0
  1841             0
  1842             0
  1843             0
  1844             0
  1845             0
  1846             0
  1847             0
  1848             0
  1849             0
  1850             0
  1851             0
  1852             0
  1853             0
  1854             0
  1855             0
  1856             0
  1857             0
  1858             0
  1859             0
  1860             0
  1861             0
  1862             0
  1863             0
  1864             0
  1865             0
  1866             0
  1867             0
  1868             0
  1869             0
  1870             0
  1871             0
  1872             0
  1873             0
  1874             0
  1875             0
  1876             0
  1877             0
  1878             0
  1879             0
  1880             0
  1881             0
  1882             0
  1883             0
  1884             0
  1885             0
  1886             0
  1887             0
  1888             0
  1889             0
  1890             0
  1891             0
  1892             0
  1893             0
  1894             0
  1895             0
  1896             0
  1897             0
  1898             0
  1899             0
  1900             0
  1901             0
  1902             0
  1903             0
  1904             0
  1905             0
  1906             0
  1907             0
  1908             0
  1909             0
  1910             0
  1911             0
  1912             0
  1913             0
  1914             0
  1915             0
  1916             0
  1917             0
  1918             0
  1919             0
  1920             0
  1921             0
  1922             0
  1923             0
  1924             0
  1925             0
  1926             0
  1927             0
  1928             0
  1929             0
  1930             0
  1931             0
  1932             0
  1933             0
  1934             0
  1935             0
  1936             0
  1937             0
  1938             0
  1939             0
  1940             0
  1941             0
  1942             0
  1943             0
  1944             0
  1945             0
  1946             0
  1947             0
  1948             0
  1949             0
  1950             0
  1951             0
  1952             0
  1953             0
  1954             0
  1955             0
  1956             0
  1957             0
  1958             0
  1959             0
  1960             0
  1961             0
  1962             0
  1963             0
  1964             0
  1965             0
  1966             0
  1967             0
  1968             0
  1969             0
  1970             0
  1971             0
  1972             0
  1973             0
  1974             0
  1975             0
  1976             0
  1977             0
  1978             0
  1979             0
  1980             0
  1981             0
  1982             0
  1983             0
  1984             0
  1985             0
  1986             0
  1987             0
  1988             0
  1989             0
  1990             0
  1991             0
  1992             0
  1993             0
  1994             0
  1995             0
  1996             0
  1997             0
  1998             0
  1999             0
  2000             0
  2001             0
  2002             0
  2003             0
  2004             0
  2005             0
  2006             0
  2007             0
  2008             0
  2009             0
  2010             0
  2011             0
  2012             0
  2013             0
  2014             0
  2015             0
  2016             0
  2017             0
  2018             0
  2019             0
  2020             0
  2021             0
  2022             0
  2023             0
  2024             0
  2025             0
  2026             0
  2027             0
  2028             0
  2029             0
  2030             0
  2031             0
  2032             0
  2033             0
  2034             0
  2035             0
  2036             0
  2037             0
  2038             0
  2039             0
  2040             0
  2041             0
  2042             0
  2043             0
  2044             0
  2045             0
  2046             0
  2047             0
